country	fiscal	ratecut	macrofin	othermonetary	bopgdp	otherbop	totalcases	medage	gdppercapitaconstant2010us	currenthealthexpenditureofgdpshx	hospitalbed	stringency	infectionrate	CESI_INDEX
Afghanistan	0.13369	0	0	0	0	0	174	18	563.826	10.2	0.5		4.47E-06	-1.595404
Albania	1.3	50	0	1	0	0	243	36	5079.4	6.7	2.9		0.0000844	0.579262
Algeria	-7.2	13.57	0	0	6	0	584	29	4764.38	6.65	1.9		0.0000133	-4.251894
Angola	0	0	0	0	0	0	7	17	3229.62	2.88	0.8		2.13E-07	-1.616932
Argentina	1	5	0	1	0.224483	0	966	32	10043.5	7.55	5	43	0.0000214	-0.3473316
Armenia	0	4.55	0	0	0	0	532	35	4406.71	9.93	4.2		0.0001795	-1.534638
Australia	9.7	0.666667	4.70852	1	0	0	4557	38	56842.3	9.25	3.8	67	0.0001787	1.68941
Austria	17.8	0	7.31092	1	0	0	9772	43	50019.9	10.44	7.6	95	0.001085	3.3408
Azerbaijan	1.008	11.36	0	1	0	1	273	32	5768.99	6.89	4.7		0.0000269	-0.5727305
Bahamas	0.2	0	0	1	0	0	14	32	27261.2	6.38	2.9		0.0000356	-0.5021932
Bahrain	5.3	52.2685	26	1	0	0	515	32	21438.4	4.87	2		0.0003027	4.852641
Bangladesh	0.008357	7.27273	0	1	0	0	49	28	1203.22	2.37	0.8		2.98E-07	-0.4015134
Barbados	1.4	0	0	1	0	0	34	40	16018	6.96	5.8	10	0.0001183	-0.308965
Belarus	0	0	0	1	0	1	152	40	6744.5	6.32	11		0.0000161	-0.9405059
Belgium	12.3	0	7.31092	1	0	0	12775	42	47166.5	10.04	6.2	57	0.0011023	2.455171
Belize	1	0	0	1	0	0	3	25	4249	6.12	1.3	67	7.54E-06	-0.3733744
Benin	0.1	0	0.028571	1	0	0	6	19	897.199	3.86	0.5		4.95E-07	-0.5143524
Bhutan	0	0	0	0	0	0	4	28	3128	3.45	1.7		5.18E-06	-1.616932
Bolivia	0.463443	0	1.18	1	0	0	107	26	2559.51	6.86	1.1	93	9.17E-06	-0.296921
Bosnia and Herzegovina	3.25	0	0	1	0	0	411	43	6032.25	9.23	3.5		0.0001253	-0.0110715
Botswana	0.2765	0	0	0	0	0	3					19		-1.572409
Brazil	3.5	28.463	3.16957	1	1.69044	1	4661	33	11026.2	11.77	2.2	71	0.0000219	0.0904249
Brunei	0.206017	0	0	1	0	0	129	32	31436.9	2.34	2.7		0.0002949	-0.5012243
Bulgaria	2	0	8.6	0	0	0	379	45	8651.09	8.23	6.8	52	0.0000545	-0.108
Burkina Faso	0	0	0	1	0	0	246	18	712.036	6.75	0.4		0.0000118	-0.5343979
Burundi	0.5	0	0	0	0	0								-1.53642
Cabo Verde	0	0	0	0	0	0	6							-1.616932
Cambodia	1.34286	0	0	1	0	0	109	26	1205.04	6.08	0.8		6.52E-06	-0.3181663
Cameroon	0.1	0	0	1	0	0	193	19	1500.7	4.69	1.3		7.27E-06	-0.5182956
Canada	6	57.1429	2.6	1	0	0	7474	41	51391.7	10.53	2.7	29	0.000198	1.824088
Central African Republic	1.9	0	0	1	0	0		18	378.995	4.28	1			-0.2284533
Chad	0.227273	0	0	1	0	0	7	17	813.342	4.54	0.4		4.26E-07	-0.4978017
Chile	4.7	42.8571	1.35945	1	0	1	2449	35	15130.2	8.53	2.2	57	0.0001281	0.7790613
China	1.2	0	14.1443	1	0	1	81518	38	7752.56	4.98	4.2	67	0.0000566	1.204771
Colombia	0.4	0	1.17416	1	0.426966	1	798	31	7691.75	5.91	1.5	14	0.0000157	-0.8365214
"Congo, R"	0.318182	0	0	1	0	0								-0.4831632
Costa Rica	0	44.4444	0	1	0	1	330	33	9889.74	7.56	1.2	71	0.0000648	-0.1366575
Cote Ivory	0.3	0	0	1	0	0								-0.4860909
Croatia	0.3	75	1.25202	1	2.94224	0	790	44	15889.6	7.18	5.6	57	0.0001924	0.199247
Cyprus	3.3	0	7.77091	1	0	0	230	37	30926.5	6.88	3.4		0.0001905	1.069441
Czech Republic	2	22.2222	0	1	0	0	3002	43	23358.9	7.15	6.5	81	0.0002803	0.1895733
Democratic Republic of Congo	0.3	16.6667	0	1	0	0	19	17	418.739	3.87	0.8	76	2.12E-07	-0.1846477
Denmark	5.3	-20	0	1	0	0	2815	42	63873.5	10.35	2.5	43	0.000486	-0.0427051
Djibouti	0	0	0	1	0	0	18	27		3.5	1.4		0.0000182	-0.5343979
Ecuador	1	0	0	1	0	0	1966					76		-0.3733744
Egypt	2	23.5294	0	1	0	0	656	25	2907.32	4.64	1.6		6.41E-06	0.2132159
El Salvador	1.34321	0	0	1	0	0	32	28	3511.45	6.96	1.3	57	4.93E-06	-0.3181097
Equatorial Guinea	0.07	0	0	1	0	0	22	22	10255	3.38	2.1		0.0000157	-0.5231262
Eritrea	0	0	0	0	0	0	15	19		2.96	0.7		4.23E-06	-1.616932
Estonia	7	0	7.70675	1	0	0	745	42	19954.1	6.68	5		0.0005616	1.656374
Eswatini	0.14	17.8807	0	0	0	0	9							-1.270987
Ethiopia	0.15	0	0	0	0	0		19	570.306	3.97	0.3			-1.592778
Fiji	7.24113	50	0	0	0	0	5	28	4795.19	3.46	2.3		5.58E-06	0.4533899
Finland	1	0	7.31092	1	0	0	1384	43	48749.1	9.49	4.4	0	0.0002498	0.635605
France	15.3	0	7.31092	1	0	0	44550	42	43663.6	11.54	6.5	81	0.0006825	2.938241
Gabon	0.25	0	0	1	0	0	16	23	9042.46	3.11	6.3		7.19E-06	-0.494142
Gambia	0.6	-8	0	1	0	0	4	18	786.373	4.43	1.1		1.66E-06	-0.5824765
Georgia	2	0	0	1	0.627943	0	110	38	4721.3	8.44	2.6		0.0000276	-0.392469
Germany	4.8	0	12.4882	1	0	0	67051	46	47477.8	11.14	8.3	43	0.0008003	1.962016
Ghana	0.149082	9.375	0	1	0	0	152	22	1807.06	4.45	0.9		4.89E-06	-0.3408304
Greece	5	0	7.31092	1	0	0	1212	46	23558.1	8.45	4.3	14	0.0001163	1.279699
Guatemala	1.57	18.1818	0	1	0	0	36	23	3159.97	5.82	0.6	52	2.01E-06	0.047256
Guinea	0	0	0	0	0	0	8	18	896.828	5.48	0.3		6.09E-07	-1.616932
Guinea Bissau	0	0	0	1	0	0								-0.5343979
Guyana	0	0	0	1	0	0	8	27	3992.23	4.24	1.6		0.0000102	-0.5343979
Haiti	0	0	0	1	0	0	15	24	730.297	5.39	0.7		1.32E-06	-0.5343979
Honduras	2.2	14.2857	2.8	1	0	0	141	24	2219.32	8.4	0.7	71	0.0000142	0.4646611
Hong Kong	5.3	57	0	1	0	0	714	45	38781.8		4.89	81	0.0000952	1.349962
Hungary	0.386278	0	1	1	0	0	492	43	16647.7	7.36	7	57	0.0000509	-0.3341883
Iceland	7.8	43.1818	1	1	0.3	0	1086	37	52103.2	8.29	3.2	52	0.0031825	1.554556
India	0.2	0	1.1	1	0	1	1251	28	2100.8	3.66	0.7	5	9.07E-07	-0.7564903
Indonesia	0.2	10	0	1	0	1	1528	30	4284.65	3.12	1.2	10	5.59E-06	-0.7274353
Iran	0.56	0	0.06	1	0.327154	1	41495	32		8.1	1.5	5	0.000494	-0.9358922
Iraq	0.011151	0	1	0	0	0	630	21	5477.7	3.31	1.4	67	0.0000157	-1.477126
Ireland	2.57778	0	7.31092	1	0	0	2910	38	76880.8	7.38	2.8	67	0.0005893	0.8896643
Israel	1.1	0	3.5	1	0	1	4831	30	34745.8	7.31	3.1	43	0.0005581	-0.2803456
Italy	1.7	0	7.31092	1	0	0	101739	47	35431.9	8.94	3.4	81	0.0016827	0.7483215
Jamaica	1.4	0	0	1	0	0	36	31	4855.26	6.07	1.7		0.0000122	-0.308965
Japan	4.9	0	0.3	1	0	0	1953	48	48919.8	10.93	13.4	62	0.0000154	0.2960202
Jordan	0	37.5	1.83372	1	0	0	268	24	3266.75	5.47	1.4	57	0.0000263	0.396921
Kazakhstan	3.44973	-29.7297	0	1	0	1	336	31	11165.5	3.53	6.7		0.0000179	-0.9227274
Kenya	0	15.5844	0	1	0	0	50	20	1202.13	4.55	1.4	71	9.30E-07	-0.252529
Kosovo	0.079743	0	0	1	0	0								-0.5215575
Kuwait	1.4	45.4545	0.022521	1	0	0	289	37	33112.1	3.9	2		0.0000677	0.5162607
Kyrgyzstan	0.1	-17.6471	0	1	0	1	107	26	1087.2	6.63	4.5		0.0000164	-1.243579
Laos	0.005847	0	0	1	0	1	9	24	1785.58	2.36	1.5		1.24E-06	-0.9395644
Latvia	3.3	0	7.31092	1	0	0	398	44	16269	6.24	5.8		0.000211	1.005959
Lebanon	0	0	0	1	0	0	463	30	6249.77	8.02	2.9		0.0000678	-0.5343979
Lesotho	0	16	0	1	0	0								-0.2450125
Liberia	0	0	0	0	0	0	3	19	541.271	9.62	0.8		5.93E-07	-1.616932
Lithuania	5.3	0	7.31092	1	0	0	533	45	17708.5	6.67	7.3		0.0001958	1.328006
Luxembourg	15.6	0	7.31092	1	0	0	1988	40	110742	6.16	4.8		0.0031758	2.986548
Madagascar	0.032174	0	0.3	1	0	1	46	20	490.097	6	0.2		1.66E-06	-0.8939222
Malawi	0.25	0	0	0	0	0								-1.576676
Malaysia	16.2225	9.09091	0.2	1	0	0	2766	30	12120.1	3.8	1.9	86	0.0000855	2.269828
Maldives	2.8	0	0	1	0	1	18	30	8033.33	10.61	4.3		0.0000333	-0.4896401
Mali	0.06	0	0	1	0	0	25							-0.5247365
Malta	12.3	0	13.3109	1	0	0	156	43	28594.3	9.3	4.7		0.0003533	3.28323
Mauritania	0.13	25.4274	0	1	0	0	6	20	1334.46	4.24	0.4		1.29E-06	-0.0535708
Mauritius	1.38	14.9254	2	1	0	1	143	37	10578.6	5.75	3.4		0.0001124	-0.1723247
Mexico	0.7	7.14286	0.6	1	0	1	1094	29	10403.5	5.47	1.5	67	8.49E-06	-0.6157936
Moldova	0	40.9091	0	1	0	0	298	38	2668.66	8.98	5.8		0.0000739	0.205508
Mongolia	0.03	9.09091	0.8	1	0	0	12	28	4210.04	3.81	7		3.66E-06	-0.2547358
Montenegro	0.018437	0	0	1	0	1	105	39	8244.13	7.64	4		0.0001672	-0.9375371
Morocco	0.837521	12.5	0	1	0	1	574	30	3357.36	5.84	1.1		0.0000156	-0.579563
Mozambique	0.1	0	0	1	0	0	8	18	591.439	5.07	0.7		2.56E-07	-0.5182956
Myanmar	0.1	18.75	0	1	0	0	14	29	1571.91	5.09	0.9	48	2.57E-07	-0.179172
Namibia	0	16	0	0	0	0	11	22	6044.53	9.12	2.7		4.33E-06	-1.327546
Nepal	0	0	0	1	0	0	5	25	817.447	6.29	0.3		1.72E-07	-0.5343979
Netherlands	2.3	0	7.31092	1	0	0	11750	43	55022.9	10.36	4.7	81	0.0006857	0.8449355
New Zealand	5.4	75	8.86145	1	0	0	647	38	37997.4	9.22	2.8	14	0.0001342	2.91459
Nicaragua	0	7.5	0	1	0	0	4	26	1860.44	8.75	0.9	0	6.04E-07	-0.3987485
Niger	0.02	0	0	1	0	0	27	15	403.485	6.23	0.3		1.12E-06	-0.5311775
Nigeria	0.004636	0	2.4	1	0	1	131	18	2396.31	3.65	0.5	38	6.35E-07	-0.6085358
North Macedonia	0.2	12.5	0	1	0	1	285	39	5394.29	6.34	4.4		0.0001368	-0.6822188
Norway	2.2	83.3333	0	1	0	0	4465	40	92077.6	10.5	3.9	76	0.0008236	1.32707
Oman	-2.5	60	25.0941	1	0	0	192	31	15796.8	4.29	1.6		0.0000376	3.611471
Pakistan	2.54412	16.9811	0	1	0	0	1865	23	1197.84	2.75	0.6	93	8.44E-06	0.1823967
Panama	3.25	0	2	1	0	0	1075					90		0.2649481
Papua New Guinea	0.05	0	0	0	0	0	1	22	2416.93	1.98	4.02		1.12E-07	-1.60888
Paraguay	6.5	18.75	0	0	0	0	65	26	5396.48	8.02	1.3		9.11E-06	-0.2311552
Peru	0.78	44.4444	0	1	0.9	0	950	31	6453.56	5.14	1.6		0.0000288	0.1368945
Philippines	0.15	18.75	1.6	1	0	0	2084	26	3021.99	4.39	1		0.000019	0.0496949
Poland	6.5	33.3333	0	1	0	0	2132	42	16659.3	6.52	6.5	67	0.0000563	1.115141
Portugal	4.7	0	7.31092	1	0	0	6408	46	23994.7	9.08	3.4	43	0.0006284	1.231392
Qatar	13	43.7255	1.43342	1	0	0	693	32	63260.6	3.08	1.2	95	0.0002405	2.547579
Romania	3	20	0	1	0	0	2109	43	11532.1	4.98	6.3	86	0.0001096	0.3104044
Russia	0.3	0	0.387057	1	0	0	2337	40	11729.1	5.27	8.2	52	0.000016	-0.4326731
Rwanda	1.5	0	0	1	0	0	70	20	824.519	6.76	1.6		5.40E-06	-0.2928627
San Marino	0	0	0	1	0	0	230			6.4	3.8		0.0067785	-0.5343979
Saudi Arabia	0.8	63.4921	1.9	1	0	0	1453	32	20819.7	5.74	2.7		0.0000417	1.004994
Senegal	7	0	0	1	0	0	162	19	1546.52	5.51	0.3		9.68E-06	0.5927666
Serbia	1	22.2222	0	1	0	0	785	42	6886.5	9.14	5.7	52	0.0000898	0.0285497
Seychelles	0	20	2.27416	1	0	0	10	34	14385.3	3.94	3.6		0.0001017	0.1411907
Sierra Leone	0	9.09091	0	1	0	1								-0.7760823
Singapore	10.4956	0	0	1	0	0	879	42	58247.9	4.47	2.4	38	0.0001502	1.155644
Slovak Republic	0.3	0	7.31092	1	0	0	363	41	20599.1	7.13	5.8	52	0.0000665	0.5228885
Slovenia	6.6	0	7.31092	1	0	0	756	45	26768.4	8.47	4.6	38	0.0003636	1.537337
South Africa	0.2	16	0	1	0	0	1326	28	7433.62	8.11	2.8	43	0.0000224	-0.2128078
South Korea	0.8	40	0.338	1	0	1	9786	44	26761.9	7.34	11.5	71	0.0001909	-0.0415762
Spain	1	0	7.31092	1	0	0	87956	45	32949.6	8.97	3	86	0.0018812	0.635605
Sri Lanka	0.11	3.58974	0	1	0	1	122					33		-0.8578671
Sudan	0	0	0	0	0	0	7	20	1855.63	5.66	0.8		1.60E-07	-1.616932
Suriname	0.000774	0	0	0	0	0	8	29	8040.94	6.06	3.1		0.0000136	-1.616807
Sweden	9.2	73.3333	9.45306	1	0	0	4028	41	57921.4	10.93	2.6	29	0.0003988	3.577984
Switzerland	6	0	0.510243	1	2.9	0	15922	43	79214.4	12.25	4.7	81	0.0018397	-0.3296686
Taijikistan	0	-4.08163	0	1	0	1								-1.014329
Tanzania	0	0	0	0	0	0	19	18	957.126	4.14	0.7	31	3.18E-07	-1.616932
Thailand	3	40	0.580918	1	0	1	1651	40	6361.63	3.71	2.1	62	0.0000237	0.3462006
Togo	2	0	0	1	0	0	30	19	676.173	6.62	0.7		3.62E-06	-0.2123509
Tonga	0	0	0	1	0	0								-0.5343979
Trinidad and Tobago	3.25	30	0	1	0	1		36	15161.1	6.51	3			0.1254182
Tunisia	2	12.9032	0.99401	1	0	0	362	33	4401.06	6.95	2.3		0.0000306	0.1582076
Turkey	2	9.30233	0	1	0	1	10827	32	15069	4.31	2.7	71	0.0001284	-0.4502115
Turkmenistan	0	0	0	0	0	1								-2.02304
Uganda	0.020631	0	0	1	0	0	33	17	710.082	6.17	0.5	86	7.21E-07	-0.5310759
Ukraine	0	0	0	1	0	0	549	41	3110.19	6.73	8.8		0.0000126	-0.5343979
United Arab Emirates	1.8	62.5	6.7	1	0	0	611	33	40782.4	3.52	1.2		0.0000618	1.810522
United Kingdom	2.5	86.6667	9.09091	1	0	0	22141	40	43324.6	9.76	2.8	0	0.0003261	2.6903
United States	10.5	100	0	1	0	0	164359	38	54579	17.07	2.9	19	0.0004965	2.965008
Uruguay	0	0	1	1	0	1	320	36	14617.5	9.06	2.8		0.0000921	-0.802496
Uzbekistan	1.5	0	0	1	0	0	158	28	2366.29	6.34	4		4.72E-06	-0.2928627
Vietnam	0.325671	14.4841	3.3	1	0	0	204	32	1964.48	5.66	2.6	38	2.10E-06	0.2354435
Yemen	0	0	0	0	0	0								-1.616932
Zambia	0.02	0	0	1	0	0	35	18	1672.35	4.48	2		1.90E-06	-0.5311775
Zimbabwe	0.20625	28.5714	0.032336	1	0	1	8	19	1322.34	9.41	1.7	67	5.38E-07	-0.3860725
